| layer | R | P | F |
| --- | --- | --- | --- |
|  0 | 0.6771873211617904 | 0.674867073517746 | 0.675415763719874 |
|  1 | 0.6850812868505706 | 0.6828466325015456 | 0.6832114638502238 |
|  2 | 0.6982307880201802 | 0.6961420302458438 | 0.6963034145990465 |
|  3 | 0.7109166452175741 | 0.7089707211950613 | 0.7090151768503687 |
|  4 | 0.7217590289657168 | 0.7199183673424814 | 0.7198182698990966 |
|  5 | 0.732406393046195 | 0.7306544347633389 | 0.7305236273360957 |
|  6 | 0.7372055472808753 | 0.7355345874709256 | 0.735383791920176 |
|  7 | 0.7466347754939863 | 0.7450830569356864 | 0.7449487347049346 |
|  8 | 0.7601227257831592 | 0.7587038584522604 | 0.7585372126163534 |
|  9 | 0.761361772618244 | 0.7599881280263314 | 0.7597152433090192 |
| 10 | 0.7701103902302078 | 0.7688641088602999 | 0.7686571374234139 |
| 11 | 0.7811510822750293 | 0.7800197825372056 | 0.779695425349045 |
| 12 | 0.7818695424983007 | 0.7807948448613975 | 0.7804997374326993 |

