| layer | R | P | F |
| --- | --- | --- | --- |
|  0 | 0.1755337363606276 | 0.17454587515562747 | 0.17275891826420353 |
|  1 | 0.2090747532080912 | 0.20820870840639574 | 0.20693516947331209 |
|  2 | 0.20641701052884343 | 0.20577200556051062 | 0.2037709762104381 |
|  3 | 0.20716788938741265 | 0.20638590163016488 | 0.20438497335962652 |
|  4 | 0.22128188002242344 | 0.21996390483189932 | 0.21830237732662588 |
|  5 | 0.24660317402176446 | 0.2449060098158942 | 0.24281248433170383 |
|  6 | 0.2742546034079542 | 0.2720724419753179 | 0.2693712737506722 |
|  7 | 0.2889292702636281 | 0.28648603235244796 | 0.28384179147767646 |
|  8 | 0.3057314451796626 | 0.3029429308539598 | 0.3006128892545032 |
|  9 | 0.3234911477234847 | 0.3206974799266524 | 0.3182697835942227 |
| 10 | 0.31449795331489067 | 0.31209560978204814 | 0.3097672682297281 |
| 11 | 0.2699692409375914 | 0.26814437511142836 | 0.2657843703790297 |
| 12 | 0.2386266812396203 | 0.23749901801014683 | 0.23551455165519228 |

