| layer | R | P | F |
| --- | --- | --- | --- |
|  0 | 0.2708428136664406 | 0.27021061667416346 | 0.24709241343830984 |
|  1 | 0.3078457106152638 | 0.3079092948897833 | 0.2846157943877085 |
|  2 | 0.3897369201837606 | 0.3896091980221458 | 0.37718831010871706 |
|  3 | 0.3966594302772277 | 0.3965011172594297 | 0.38825923692881315 |
|  4 | 0.42398079216190754 | 0.42380198185490814 | 0.41979624110821234 |
|  5 | 0.4485168719091504 | 0.44828118345183404 | 0.44345623179907107 |
|  6 | 0.4440026981652294 | 0.44379682933069436 | 0.43967593332868693 |
|  7 | 0.43175956555131384 | 0.4315864836711708 | 0.4280633430192718 |
|  8 | 0.4389578138988681 | 0.43876346968491514 | 0.43692206109354814 |
|  9 | 0.4631718302548747 | 0.4629017618563586 | 0.46272292248281266 |
| 10 | 0.5652803416504527 | 0.5651231799913435 | 0.564951889155304 |
| 11 | 0.691785155495111 | 0.6916879996641426 | 0.692855221704042 |
| 12 | 0.6721988305765236 | 0.6719018394266248 | 0.6705922542457705 | 
